#Year	DOY	hour	Btot	Br	Bt	Bn	Np	Vtot	Tp
2021	266	0	8.2	2.9	7.1	2.1	21	337.3	51124
2021	266	1	7.2	2.1	4.4	2.1	20	334.0	66889
2021	266	2	8.4	5.2	3.2	3.9	20	338.1	69730
2021	266	3	6.6	-1.0	3.4	4.1	20	329.5	73280
2021	266	4	4.8	-2.8	0.4	-0.9	26	323.9	67543
2021	266	5	5.6	-0.3	0.6	-3.8	27	326.7	65731
2021	266	6	4.6	-2.3	1.8	-1.0	26	319.1	71713
2021	266	7	5.0	-3.6	-0.3	-0.0	26	316.3	74729
2021	266	8	7.1	-3.3	-3.4	-3.5	25	316.8	72047
2021	266	9	6.5	-3.0	-1.4	-3.3	27	316.6	76768
2021	266	10	6.8	-4.7	-2.2	-1.9	29	317.9	79569
2021	266	11	7.3	-3.7	0.1	4.1	30	321.9	82235
2021	266	12	7.6	-1.4	5.7	2.8	33	326.7	75446
2021	266	13	7.4	-1.9	5.7	-0.3	35	324.3	83203
2021	266	14	5.5	-2.8	2.0	-0.4	36	320.0	93463
2021	266	15	5.6	-1.1	1.4	-1.6	40	324.5	94181
2021	266	16	4.8	-1.4	2.9	-0.3	40	325.1	100525
2021	266	17	6.4	1.7	3.0	1.0	40	326.6	91054
2021	266	18	8.9	-0.7	7.7	-0.3	38	315.9	81946
2021	266	19	8.9	-4.9	3.4	-5.3	33	303.1	71192
2021	266	20	9.4	-7.6	0.0	-5.1	29	294.4	60873
2021	266	21	9.7	-6.2	0.4	-5.9	30	294.6	59285
2021	266	22	9.5	-1.3	-4.0	-8.1	32	297.5	55443
2021	266	23	9.8	-5.3	-3.1	-6.9	28	288.9	55292
2021	267	0	9.7	-9.1	1.7	-1.3	25	284.8	52119
2021	267	1	9.6	-8.4	2.3	-3.5	24	282.5	46031
2021	267	2	10.5	-7.4	0.9	-3.1	27	284.7	42244
2021	267	3	10.8	-8.3	-0.7	-5.9	29	283.6	40070
2021	267	4	11.7	-9.9	2.2	-4.7	22	275.5	31467
2021	267	5	12.9	-11.8	-0.8	-4.3	22	273.7	37736
2021	267	6	14.1	-12.6	-2.4	-4.3	20	272.7	46399
2021	267	7	13.8	-12.3	-3.3	-3.2	18	272.2	52699
2021	267	8	12.3	-11.4	-4.3	-1.2	11	268.7	81461
2021	267	9	11.2	-10.1	-4.3	-1.4	10	270.7	94469
2021	267	10	10.2	-8.0	-5.5	-3.1	10	267.6	89229
2021	267	11	9.3	-7.6	-3.8	-3.2	9	265.6	66632
2021	267	12	9.0	-6.8	-4.1	-3.5	10	264.0	70896
2021	267	13	9.2	-7.1	-3.9	-3.3	12	265.6	73132
2021	267	14	10.3	-8.3	-3.6	-4.3	14	265.2	60800
2021	267	15	11.8	-10.1	-5.3	0.4	13	249.9	50634
2021	267	16	10.7	-8.6	-5.5	0.1	15	247.1	53673
2021	267	17	9.2	-6.0	-4.4	-3.1	15	258.4	68649
2021	267	18	8.3	-7.2	-0.9	3.1	15	262.3	92045
2021	267	19	8.4	-6.2	1.3	3.1	14	264.2	78573
2021	267	20	8.7	-6.3	-3.2	4.3	23	252.0	80862
2021	267	21	8.4	-4.7	-4.3	1.1	24	261.3	80569
2021	267	22	7.9	-1.9	2.4	6.5	21	279.5	86049
2021	267	23	8.5	-1.3	0.8	5.8	22	278.7	87888
2021	268	0	8.4	1.7	7.3	-0.6	24	287.7	104799
2021	268	1	9.4	1.2	8.9	-0.4	20	282.6	82676
2021	268	2	9.2	-0.5	8.9	-0.0	17	278.6	72240
2021	268	3	8.6	-2.2	8.1	1.7	18	277.7	63042
2021	268	4	10.0	-2.4	9.1	-2.4	18	274.6	45074
2021	268	5	9.2	-4.8	6.4	-4.0	15	272.1	45914
2021	268	6	10.4	-6.7	5.8	-5.4	34	275.4	36432
2021	268	7	15.5	-12.5	6.5	-4.3	52	282.5	69380
2021	268	8	13.9	-8.9	9.8	-1.4	39	279.8	66756
2021	268	9	13.5	-3.6	11.1	5.5	52	286.9	37345
2021	268	10	13.3	0.7	12.6	0.3	68	292.2	32002
2021	268	11	10.9	2.0	8.1	-6.2	74	290.6	31931
2021	268	12	10.1	0.9	0.4	-8.5	58	288.1	38092
2021	268	13	14.1	-2.1	-6.6	-12.2	30	281.8	37817
2021	268	14	13.0	-1.2	-5.9	-11.0	28	278.8	38272
2021	268	15	13.5	-0.9	-5.0	-12.0	33	285.9	38345
2021	268	16	10.5	0.3	0.9	-8.5	36	278.4	69137
2021	268	17	8.1	5.1	-2.5	-5.3	34	272.7	50374
2021	268	18	11.6	9.8	-4.6	0.6	71	283.8	65394
2021	268	19	14.4	9.4	-7.4	6.0	86	304.9	70113
2021	268	20	12.7	-4.2	1.0	-3.6	57	314.8	129050
2021	268	21	12.9	-4.3	7.1	-4.4	57	330.3	165288
2021	268	22	14.0	-5.3	9.0	-4.7	55	358.7	153382
2021	268	23	17.3	-0.4	-8.9	-11.5	nan	nan	nan
2021	269	0	23.7	-10.3	17.3	-7.3	nan	nan	nan
2021	269	1	21.9	-8.5	15.6	-9.4	nan	nan	nan
2021	269	2	24.3	-7.7	6.3	-20.0	nan	nan	nan
2021	269	3	26.1	-10.1	-19.2	-12.1	73	392.0	67009
2021	269	4	18.9	-2.1	-5.6	-3.6	57	389.3	90413
2021	269	5	27.2	1.8	26.2	-5.8	18	395.1	61136
2021	269	6	30.5	7.1	28.4	-1.8	11	418.3	95012
2021	269	7	32.0	8.3	30.6	2.8	13	406.4	84529
2021	269	8	33.1	6.9	31.7	5.3	16	385.1	61142
2021	269	9	33.5	5.9	30.5	11.7	41	350.6	41477
2021	269	10	32.4	8.5	24.6	19.2	59	354.8	46701
2021	269	11	33.7	9.2	18.7	25.4	23	367.9	62526
2021	269	12	31.3	10.2	6.2	28.1	14	365.0	77531
2021	269	13	28.4	6.8	8.6	25.4	23	361.6	75998
2021	269	14	27.0	9.2	0.6	25.2	25	348.8	40523
2021	269	15	25.6	8.2	-3.6	23.7	19	350.0	31403
2021	269	16	23.4	5.9	-7.7	21.2	20	345.4	31156
2021	269	17	20.9	3.5	-8.0	18.9	40	340.8	39287
2021	269	18	20.2	3.4	-8.8	17.8	21	337.7	34052
2021	269	19	17.5	2.6	-9.8	14.2	29	332.1	47288
2021	269	20	16.5	0.4	-11.8	11.3	31	325.3	42837
2021	269	21	15.9	0.2	-12.5	9.6	26	327.5	41608
2021	269	22	15.0	2.0	-11.8	8.9	28	321.9	51800
2021	269	23	16.1	-0.2	-13.3	8.0	20	316.4	113908
2021	270	0	nan	nan	nan	nan	nan	nan	nan
2021	270	1	nan	nan	nan	nan	nan	nan	nan
2021	270	2	nan	nan	nan	nan	nan	nan	nan
2021	270	3	nan	nan	nan	nan	nan	nan	nan
2021	270	4	nan	nan	nan	nan	40	320.8	56282
2021	270	5	nan	nan	nan	nan	38	307.8	53177
2021	270	6	nan	nan	nan	nan	32	307.6	47019
2021	270	7	nan	nan	nan	nan	26	305.1	29165
2021	270	8	nan	nan	nan	nan	22	301.7	28994
2021	270	9	nan	nan	nan	nan	23	304.2	26337
2021	270	10	nan	nan	nan	nan	17	305.5	32150
2021	270	11	nan	nan	nan	nan	18	318.9	49801
2021	270	12	nan	nan	nan	nan	17	310.8	39850
2021	270	13	nan	nan	nan	nan	16	305.4	38115
2021	270	14	nan	nan	nan	nan	18	301.2	32136
2021	270	15	nan	nan	nan	nan	22	313.3	42091
2021	270	16	nan	nan	nan	nan	28	310.0	39981
2021	270	17	nan	nan	nan	nan	31	316.3	47819
2021	270	18	nan	nan	nan	nan	39	327.7	31124
2021	270	19	nan	nan	nan	nan	33	314.6	38033
2021	270	20	nan	nan	nan	nan	32	310.7	44084
2021	270	21	nan	nan	nan	nan	29	308.4	45470
2021	270	22	nan	nan	nan	nan	34	303.0	33418
2021	270	23	nan	nan	nan	nan	37	301.8	31013
2021	271	0	nan	nan	nan	nan	35	299.8	33486
2021	271	1	nan	nan	nan	nan	34	301.7	31475
2021	271	2	nan	nan	nan	nan	36	292.7	27464
2021	271	3	nan	nan	nan	nan	48	298.8	27485
2021	271	4	nan	nan	nan	nan	37	307.0	38827
2021	271	5	nan	nan	nan	nan	53	308.1	55924
2021	271	6	nan	nan	nan	nan	31	309.0	62884
2021	271	7	nan	nan	nan	nan	28	314.0	85781
2021	271	8	nan	nan	nan	nan	22	307.2	71130
2021	271	9	nan	nan	nan	nan	24	307.8	70907
2021	271	10	nan	nan	nan	nan	26	306.8	67246
2021	271	11	nan	nan	nan	nan	27	317.1	55648
2021	271	12	nan	nan	nan	nan	25	307.9	62622
2021	271	13	7.9	4.2	-4.7	-2.8	18	293.5	65290
2021	271	14	7.1	4.0	-3.9	-3.6	18	290.3	68429
2021	271	15	7.3	5.5	-3.1	-1.1	22	290.7	67072
2021	271	16	8.2	5.8	-4.4	-2.6	21	290.8	66153
2021	271	17	9.2	2.0	-6.9	-2.9	26	305.2	51825
2021	271	18	10.4	2.9	-7.1	-5.4	30	300.2	49041
2021	271	19	11.2	4.7	-2.7	-4.7	39	299.4	46074
2021	271	20	11.9	5.3	-8.3	3.5	35	296.1	39507
2021	271	21	11.4	8.0	-3.0	6.2	25	290.3	41564
2021	271	22	10.8	7.8	1.3	7.0	16	315.9	92399
2021	271	23	10.4	7.8	-1.1	6.0	16	334.4	88226
2021	272	0	9.1	7.2	-4.8	1.7	19	334.6	86636
2021	272	1	8.8	6.4	-3.2	-4.0	19	329.6	73710
2021	272	2	8.6	1.3	-7.4	-2.3	17	326.9	72648
2021	272	3	8.7	2.3	-7.4	-0.2	19	327.8	68100
2021	272	4	7.7	5.4	-3.4	1.8	20	331.2	64133
2021	272	5	7.9	-1.8	-5.8	-3.6	18	342.3	64829
2021	272	6	8.6	-4.9	-4.3	-5.2	16	355.7	56440
2021	272	7	7.4	-1.0	-4.9	-1.2	18	348.7	76529
2021	272	8	6.3	-0.4	-5.2	-2.1	19	352.4	79156
2021	272	9	6.6	-0.2	-3.7	-0.3	19	353.3	75968
2021	272	10	5.4	2.3	-2.1	0.6	18	351.7	78802
2021	272	11	5.8	1.8	-2.9	2.0	16	353.4	72613
2021	272	12	5.8	0.6	-3.7	-2.3	16	358.4	71249
2021	272	13	5.0	0.7	-3.6	0.8	16	355.7	70276
2021	272	14	4.8	3.2	-1.8	-1.8	16	340.0	70162
2021	272	15	6.1	5.7	-1.4	-1.3	16	328.3	60648
2021	272	16	5.8	4.4	-3.2	-0.5	18	329.4	51416
2021	272	17	6.7	5.9	0.2	1.8	17	331.5	57162
2021	272	18	5.8	3.2	-3.8	-1.2	18	335.8	56216
2021	272	19	4.0	2.8	-2.6	0.2	17	335.4	47781
2021	272	20	3.6	3.1	0.0	1.4	18	337.5	44255
2021	272	21	4.2	2.4	1.1	2.2	18	332.5	40329
2021	272	22	3.6	3.2	0.1	0.9	18	332.0	33867
2021	272	23	3.9	3.2	1.9	0.4	18	332.4	31683
2021	273	0	4.2	3.6	1.9	-1.1	18	332.5	27664
2021	273	1	4.1	3.9	1.0	-0.5	17	340.1	30627
2021	273	2	4.1	3.9	0.8	-1.0	17	339.0	29122
2021	273	3	4.3	3.9	1.3	-0.5	16	337.5	27980
2021	273	4	4.5	4.2	1.5	0.2	16	335.9	28245
2021	273	5	4.1	4.0	0.7	0.7	16	333.8	29958
2021	273	6	3.9	3.5	1.6	-0.2	16	329.4	25975
2021	273	7	3.8	3.5	0.2	-0.5	16	328.0	26006
2021	273	8	2.5	2.0	0.6	-0.0	16	318.5	27256
2021	273	9	2.3	1.6	0.4	-0.4	16	313.2	25737
2021	273	10	2.2	1.7	-0.1	-0.9	15	304.5	28075
2021	273	11	2.7	2.2	-1.0	-0.7	16	301.5	26482
2021	273	12	2.9	2.8	-0.8	-0.3	16	302.7	23654
2021	273	13	2.7	2.6	-0.6	0.1	16	307.8	21179
2021	273	14	2.8	2.6	-0.4	0.6	16	308.4	22853
2021	273	15	3.3	2.7	-1.7	0.1	15	306.3	23483
2021	273	16	3.0	2.3	-1.7	-0.8	15	305.0	20819
2021	273	17	2.8	2.4	-1.1	-0.8	15	304.1	21647
2021	273	18	2.7	2.3	-0.1	-1.4	16	304.5	20924
2021	273	19	2.6	2.3	-0.2	-1.0	17	301.0	19768
2021	273	20	2.9	2.6	0.8	0.5	17	294.5	21188
2021	273	21	3.3	2.9	0.6	0.9	17	292.6	20863
2021	273	22	2.7	1.8	-1.6	-0.0	17	291.9	21778
2021	273	23	3.3	2.4	-1.9	0.5	16	285.1	21656
