#Year	DOY	hour	Btot	Br	Bt	Bn	Np	Vtot	Tp
2021	268	0	8.6	2.8	-6.3	-4.9	8	301.0	10162
2021	268	1	8.8	3.9	-7.6	-2.1	5	304.4	5687
2021	268	2	8.2	-0.1	-4.3	-4.8	9	319.6	11845
2021	268	3	8.8	-4.8	-3.3	-6.0	8	331.4	11419
2021	268	4	7.3	4.8	-5.4	-0.6	6	316.3	8199
2021	268	5	8.9	5.8	-6.3	1.4	4	322.5	4567
2021	268	6	7.5	1.6	-6.2	-3.2	5	338.7	9191
2021	268	7	6.0	-1.6	-4.2	-2.0	7	334.2	13690
2021	268	8	4.9	-2.5	0.0	-3.4	8	344.7	14972
2021	268	9	4.9	-0.1	-2.6	-3.3	6	337.5	9892
2021	268	10	5.0	-0.6	-3.9	-2.7	5	337.0	7788
2021	268	11	4.5	1.5	-3.2	-2.6	5	330.0	7401
2021	268	12	4.7	2.0	-3.4	-2.3	5	330.0	6410
2021	268	13	5.1	3.4	-3.4	-1.5	4	327.7	5421
2021	268	14	5.5	4.2	-3.4	-0.8	5	325.8	7572
2021	268	15	5.5	3.6	-2.6	-2.1	6	324.3	7234
2021	268	16	6.0	4.8	-3.0	0.4	4	324.7	4942
2021	268	17	4.7	3.5	-0.8	1.9	6	326.5	8710
2021	268	18	5.3	1.1	-2.6	-1.9	3	366.9	4457
2021	268	19	6.2	1.6	-3.5	-4.1	3	370.2	5179
2021	268	20	6.1	2.0	-5.0	-2.0	5	358.4	9618
2021	268	21	6.3	4.1	-3.8	-1.3	7	357.8	10686
2021	268	22	7.8	-6.3	1.8	-2.9	4	358.1	6871
2021	268	23	7.9	-6.5	1.7	-3.5	5	356.5	9777
2021	269	0	7.2	-4.5	-1.4	-5.3	6	367.9	13474
2021	269	1	6.3	-3.9	-1.5	-4.6	5	364.2	11621
2021	269	2	4.3	-1.7	0.0	-3.4	6	359.4	10820
2021	269	3	4.5	-0.7	-0.2	-3.5	7	347.2	12768
2021	269	4	5.0	-0.9	-2.3	-3.6	6	340.3	9330
2021	269	5	5.5	-2.7	-1.4	-4.3	4	338.6	5881
2021	269	6	6.0	-2.8	-2.1	-4.5	3	337.5	4160
2021	269	7	3.7	-0.2	-2.6	-0.7	5	331.2	7005
2021	269	8	3.2	-0.7	0.5	-1.7	7	336.2	14030
2021	269	9	9.7	5.0	-1.3	6.2	12	374.2	34855
2021	269	10	9.2	-1.4	-6.6	-3.9	14	386.7	54755
2021	269	11	11.1	-1.6	-4.8	-4.7	11	382.3	44152
2021	269	12	12.6	-5.9	-6.2	-7.7	13	391.4	40672
2021	269	13	11.9	1.8	-8.3	5.0	13	389.0	42838
2021	269	14	13.7	1.1	-11.0	3.7	10	416.5	34269
2021	269	15	13.5	-6.7	-9.0	-6.2	12	422.6	44137
2021	269	16	11.5	-5.2	-5.0	-8.4	14	420.2	50171
2021	269	17	11.0	-3.7	-3.5	-9.3	11	405.5	36221
2021	269	18	10.3	-3.2	6.1	-5.9	13	394.3	28176
2021	269	19	8.5	-2.4	5.4	-4.4	20	397.0	29675
2021	269	20	8.3	0.5	6.5	-2.9	19	387.0	27103
2021	269	21	8.5	1.7	6.5	-2.6	15	369.5	27752
2021	269	22	9.3	2.8	8.2	-1.3	18	377.9	24922
2021	269	23	15.0	7.6	12.4	-1.3	5	393.6	8750
2021	270	0	15.4	5.6	14.0	3.0	2	386.0	3813
2021	270	1	15.4	7.0	12.7	4.8	2	372.9	2341
2021	270	2	14.9	6.1	11.9	6.2	4	366.1	5954
2021	270	3	14.7	9.1	0.4	10.1	20	346.6	12951
2021	270	4	15.5	8.6	-3.0	12.4	18	341.2	9590
2021	270	5	15.6	7.9	-4.0	12.8	19	338.8	8913
2021	270	6	15.7	6.1	-3.6	14.0	13	342.6	6335
2021	270	7	15.1	5.0	-4.0	13.6	10	342.5	6007
2021	270	8	14.3	3.9	-3.5	13.1	11	344.2	7677
2021	270	9	14.2	4.5	-4.4	12.5	9	336.5	7955
2021	270	10	12.8	1.4	-5.9	10.9	13	348.6	11059
2021	270	11	11.8	2.5	-2.4	10.8	13	337.7	11525
2021	270	12	9.9	3.4	-3.6	8.5	17	334.1	16745
2021	270	13	8.5	1.2	2.8	6.8	18	342.4	23560
2021	270	14	8.7	1.4	3.1	6.9	17	341.4	25437
2021	270	15	10.2	-0.3	2.9	9.1	10	341.7	19215
2021	270	16	9.4	-2.1	-0.9	8.1	17	339.8	25714
2021	270	17	11.7	-4.5	-9.3	3.7	10	347.8	19109
2021	270	18	6.2	-1.6	-1.5	4.4	39	361.8	18237
2021	270	19	5.1	-2.0	-2.0	1.7	35	355.9	26778
2021	270	20	5.6	-0.8	-1.4	1.7	32	358.3	32095
2021	270	21	4.5	-3.4	-2.6	1.2	28	360.9	38767
2021	270	22	5.2	-3.7	-3.3	-0.0	27	363.0	41295
2021	270	23	6.2	-3.7	-4.7	0.3	25	359.4	36275
2021	271	0	4.2	-1.2	-1.9	2.5	26	352.7	30112
2021	271	1	9.2	-0.2	-4.7	6.8	13	351.8	21735
2021	271	2	9.3	-3.0	-5.5	2.8	11	353.2	18933
2021	271	3	8.8	-3.0	-6.7	3.9	9	349.2	15201
2021	271	4	7.1	-2.8	-5.8	2.4	9	342.1	14909
2021	271	5	5.9	-0.7	0.1	-0.0	11	339.3	13459
2021	271	6	6.1	4.6	3.0	-0.2	7	329.2	10412
2021	271	7	6.8	4.1	4.6	-0.5	7	327.7	9104
2021	271	8	7.4	5.8	0.7	-1.3	5	320.7	5977
2021	271	9	8.3	6.8	-2.4	-2.7	6	318.1	6450
2021	271	10	8.0	6.1	4.2	-0.9	6	317.1	8138
2021	271	11	7.4	4.8	4.6	2.1	7	317.1	11045
2021	271	12	7.2	5.0	0.3	3.4	6	312.3	8060
2021	271	13	6.5	3.8	-3.4	2.9	6	310.9	6125
2021	271	14	6.6	1.2	-4.3	4.6	7	317.2	7946
2021	271	15	6.6	1.5	-5.2	2.4	6	313.2	7298
2021	271	16	6.5	4.4	-4.0	2.3	4	308.4	3525
2021	271	17	6.3	4.6	-4.0	0.9	5	304.0	4660
2021	271	18	6.3	4.5	-3.9	-0.8	5	302.4	4946
2021	271	19	5.9	4.3	-3.1	-0.2	5	301.2	3940
2021	271	20	6.2	4.1	-3.6	0.1	5	304.2	4726
2021	271	21	6.5	4.8	0.2	-2.8	4	302.5	3389
2021	271	22	6.5	4.8	1.1	-3.6	5	306.3	4909
2021	271	23	6.8	3.6	5.1	-2.3	6	308.5	5474
2021	272	0	6.2	3.0	5.0	-0.5	6	304.3	5064
2021	272	1	6.2	4.8	1.9	-1.3	6	303.6	6033
2021	272	2	6.6	3.6	-4.9	0.3	6	310.7	6553
2021	272	3	6.1	2.8	-2.5	3.4	7	312.0	7453
2021	272	4	7.4	1.6	-6.8	1.1	9	320.3	7590
2021	272	5	6.8	-0.7	-4.0	-3.2	5	342.7	6273
2021	272	6	7.0	-0.7	-5.1	-3.9	4	344.8	7325
2021	272	7	6.8	1.5	-4.2	-4.7	4	333.8	5866
2021	272	8	7.4	4.8	-4.7	1.0	3	321.9	3628
2021	272	9	6.7	4.6	0.6	2.4	2	318.9	1444
2021	272	10	6.3	4.1	4.1	2.1	nan	nan	nan
2021	272	11	6.2	4.2	0.9	4.5	nan	nan	nan
2021	272	12	5.8	3.2	2.4	3.8	nan	nan	nan
2021	272	13	5.2	3.1	2.0	3.4	nan	nan	nan
2021	272	14	4.7	2.7	1.6	2.2	nan	nan	nan
2021	272	15	4.8	3.9	-2.7	0.3	3	323.0	2931
2021	272	16	4.5	1.9	-3.9	-0.7	3	329.8	3724
2021	272	17	4.6	3.2	-3.0	-0.2	nan	nan	nan
2021	272	18	5.0	4.7	-1.7	-0.0	nan	nan	nan
2021	272	19	5.0	4.5	-1.6	1.3	nan	nan	nan
2021	272	20	nan	nan	nan	nan	nan	nan	nan
2021	272	21	nan	nan	nan	nan	nan	nan	nan
2021	272	22	nan	nan	nan	nan	nan	nan	nan
2021	272	23	nan	nan	nan	nan	nan	nan	nan
2021	273	0	3.9	1.7	-3.3	0.7	19	291.6	27933
2021	273	1	3.9	1.0	-3.5	0.9	nan	nan	nan
2021	273	2	3.4	-0.3	-2.7	1.5	2	321.7	1387
2021	273	3	3.5	-0.6	-3.0	1.4	2	320.1	1483
2021	273	4	3.1	0.6	-2.0	0.6	nan	nan	nan
2021	273	5	3.1	0.4	-2.9	0.2	2	318.0	1707
2021	273	6	3.1	-0.2	-2.9	-0.5	2	319.1	1232
2021	273	7	2.6	1.0	-1.2	0.1	4	314.1	3319
2021	273	8	2.8	2.6	-0.2	1.0	nan	nan	nan
2021	273	9	2.7	2.6	0.5	0.3	nan	nan	nan
2021	273	10	2.4	2.3	0.5	-0.0	nan	nan	nan
2021	273	11	2.5	2.4	0.1	-0.2	nan	nan	nan
2021	273	12	2.6	2.4	-0.7	-0.1	3	297.8	2503
2021	273	13	2.7	2.6	-0.7	-0.5	nan	nan	nan
2021	273	14	2.8	2.3	-1.3	-0.4	nan	nan	nan
2021	273	15	2.6	2.1	-1.0	-0.7	3	287.5	1644
2021	273	16	2.3	1.6	-1.4	-0.8	3	294.0	2066
2021	273	17	2.9	1.3	-2.4	-0.4	4	293.9	2926
2021	273	18	3.2	1.3	-1.4	-2.4	4	287.3	2162
2021	273	19	2.5	-0.3	-0.3	-2.3	5	292.6	2855
2021	273	20	2.5	-1.4	-0.5	-1.8	5	295.5	2937
2021	273	21	3.1	-2.0	0.2	-1.9	5	295.0	3420
2021	273	22	2.9	-1.6	-1.0	-1.5	6	297.2	4069
2021	273	23	3.3	0.2	-2.1	-0.2	6	292.4	3835
