#Year	DOY	hour	Btot	Br	Bt	Bn	Np	Vtot	Tp
2021	266	0	3.9	-2.8	0.7	2.6	2	420.2	67376
2021	266	1	3.6	-3.0	0.8	1.6	2	409.7	78263
2021	266	2	3.7	-3.3	1.1	1.2	2	417.1	85356
2021	266	3	3.6	-3.0	1.0	1.6	2	407.7	72352
2021	266	4	3.6	-3.1	1.3	0.9	3	401.4	65994
2021	266	5	3.7	-3.4	1.1	0.9	3	389.7	57161
2021	266	6	3.5	-2.9	1.0	1.4	2	391.0	71469
2021	266	7	3.5	-3.2	0.9	0.6	2	389.0	62398
2021	266	8	3.4	-3.3	0.6	-0.1	2	391.6	81939
2021	266	9	3.5	-3.3	1.0	0.3	2	375.8	68423
2021	266	10	3.3	-2.7	1.7	0.4	3	374.8	54972
2021	266	11	3.3	-3.1	1.0	-0.2	3	366.4	54418
2021	266	12	3.3	-3.0	1.2	0.2	2	358.3	42698
2021	266	13	3.6	-2.1	2.8	0.2	2	367.6	48139
2021	266	14	3.5	-1.9	2.9	-0.1	3	364.5	55115
2021	266	15	3.5	-2.2	2.6	0.3	3	363.9	53021
2021	266	16	3.8	-1.6	3.0	-1.0	3	368.1	50247
2021	266	17	3.9	-3.2	1.1	-0.9	3	347.0	63376
2021	266	18	3.6	-2.9	0.7	-1.3	4	358.1	61883
2021	266	19	3.4	-1.6	2.6	-0.1	5	369.8	57624
2021	266	20	3.3	-1.0	3.0	0.2	4	368.4	54079
2021	266	21	3.0	-0.2	1.4	1.7	6	366.7	37997
2021	266	22	3.3	-0.2	3.0	1.1	5	360.0	41364
2021	266	23	3.3	-0.2	2.7	1.7	6	354.7	45540
2021	267	0	3.4	1.3	2.5	1.6	6	350.2	34161
2021	267	1	3.5	-0.3	3.4	0.3	6	345.4	45078
2021	267	2	3.0	-0.0	2.4	1.0	7	345.9	41078
2021	267	3	2.9	-1.8	2.1	-0.0	7	341.0	43913
2021	267	4	3.0	-1.0	2.5	0.1	7	342.2	38644
2021	267	5	3.5	-0.6	2.3	2.2	8	340.7	35826
2021	267	6	3.6	-0.1	1.1	3.3	9	340.2	39284
2021	267	7	3.5	0.5	1.7	2.9	9	340.9	42332
2021	267	8	3.5	1.4	2.8	0.9	7	337.0	45602
2021	267	9	3.8	1.5	2.8	1.5	6	337.9	37857
2021	267	10	4.2	2.0	1.7	3.0	6	335.6	34955
2021	267	11	4.1	2.2	0.7	3.4	6	332.9	32554
2021	267	12	4.1	1.6	1.1	3.5	6	329.8	40035
2021	267	13	4.1	0.9	2.6	2.9	6	327.4	38865
2021	267	14	4.6	-1.2	4.2	0.4	6	323.5	39893
2021	267	15	4.2	-1.1	3.7	-1.1	6	324.0	39301
2021	267	16	4.4	-1.2	3.4	-1.6	6	325.3	40574
2021	267	17	4.5	-1.8	2.8	1.7	6	328.6	45956
2021	267	18	5.4	-2.7	4.3	0.9	9	331.5	43884
2021	267	19	7.1	-3.7	3.7	-4.2	10	346.2	59430
2021	267	20	7.5	-4.2	2.5	-5.5	11	353.6	54143
2021	267	21	7.2	-1.6	5.6	-2.4	13	354.2	48231
2021	267	22	6.5	-3.6	2.8	-3.5	15	352.2	50884
2021	267	23	7.2	-4.8	3.6	-3.7	14	350.6	51945
2021	268	0	8.1	-5.2	2.1	-5.5	16	346.1	46496
2021	268	1	7.2	-5.1	-0.4	-4.7	16	342.4	54990
2021	268	2	7.0	-6.3	-0.2	-2.7	14	330.5	47054
2021	268	3	6.4	-4.7	0.0	-3.7	14	330.4	52957
2021	268	4	6.6	-1.9	3.9	-4.1	14	334.5	47790
2021	268	5	8.2	-2.6	3.8	-5.9	20	342.0	49629
2021	268	6	9.1	-5.7	1.9	-6.2	17	338.1	42229
2021	268	7	9.4	-5.8	-1.5	-6.7	18	338.1	38939
2021	268	8	9.4	-5.7	-3.6	-6.4	16	336.3	36966
2021	268	9	9.3	-6.0	-2.8	-6.2	12	336.4	36219
2021	268	10	9.4	-6.8	-2.0	-5.9	12	336.0	33970
2021	268	11	10.1	-4.4	-6.5	-6.2	11	333.0	28102
2021	268	12	9.3	-3.2	-4.8	-7.0	11	331.2	38249
2021	268	13	9.2	-3.9	-6.5	-4.8	14	348.3	45192
2021	268	14	8.7	2.0	-7.0	-2.6	11	320.8	41913
2021	268	15	7.9	3.5	-6.6	-1.1	9	317.2	50203
2021	268	16	7.0	3.1	-5.5	-2.0	9	328.4	69395
2021	268	17	6.9	4.7	-4.8	-0.7	6	356.1	65154
2021	268	18	6.1	4.1	-2.6	-0.4	7	343.4	70702
2021	268	19	7.0	2.6	-3.3	-2.9	7	352.3	55723
2021	268	20	nan	nan	nan	nan	nan	nan	nan
2021	268	21	7.8	0.5	-6.1	-2.7	8	353.9	63532
2021	268	22	7.1	1.4	-5.8	-2.7	7	361.3	75823
2021	268	23	6.9	-1.8	-3.9	-4.6	6	369.9	74468
2021	269	0	5.4	0.2	-4.2	-3.0	6	368.3	71454
2021	269	1	5.1	1.3	-3.7	-2.3	5	379.4	76833
2021	269	2	4.2	-1.2	-1.9	-2.1	5	404.2	88855
2021	269	3	3.9	-3.6	0.5	-1.2	6	408.6	96312
2021	269	4	3.4	-3.1	-0.0	-1.1	5	411.7	87941
2021	269	5	3.6	-2.9	-1.0	-1.7	3	382.3	67028
2021	269	6	3.0	-2.3	-1.0	-0.8	4	373.6	74414
2021	269	7	3.7	-2.8	0.6	-1.6	6	351.1	64258
2021	269	8	3.1	-0.2	1.1	-0.2	7	350.5	69580
2021	269	9	4.1	2.0	2.1	1.6	7	363.5	61556
2021	269	10	4.4	2.2	-3.2	-1.0	6	383.3	75418
2021	269	11	4.2	1.2	-1.0	-0.3	6	384.4	65246
2021	269	12	4.3	-4.0	0.2	-1.2	5	393.2	54544
2021	269	13	4.3	-4.0	-0.2	-1.3	4	396.1	53586
2021	269	14	3.5	-3.4	-0.5	-0.5	4	397.7	51665
2021	269	15	3.4	-3.3	-0.7	-0.1	4	392.9	55074
2021	269	16	3.5	-3.3	-1.0	-0.1	4	385.9	55766
2021	269	17	3.5	-3.3	-1.3	0.2	3	382.8	46511
2021	269	18	3.2	-3.0	-0.8	-0.3	4	373.2	59036
2021	269	19	3.0	-2.5	-0.8	-0.6	4	363.7	55678
2021	269	20	2.4	-1.1	-0.5	-2.0	5	367.0	62446
2021	269	21	2.6	2.3	-0.5	-0.7	4	347.4	50484
2021	269	22	3.6	3.0	-0.2	-0.5	8	360.0	66046
2021	269	23	3.8	-1.2	-0.3	-1.6	8	367.4	68812
2021	270	0	4.3	-3.1	-1.5	-2.1	8	370.7	58296
2021	270	1	3.5	-0.1	-1.7	-0.3	9	367.2	69111
2021	270	2	5.5	1.5	-4.6	-0.8	8	401.3	81391
2021	270	3	5.8	-3.4	-2.6	-2.5	9	437.1	116319
2021	270	4	7.0	-2.9	-4.7	-3.2	8	434.0	106130
2021	270	5	8.1	-5.2	-3.7	-4.7	7	423.5	99531
2021	270	6	8.1	-5.4	-2.9	-5.1	6	416.1	90191
2021	270	7	8.0	-2.8	-3.4	-4.2	9	413.3	102358
2021	270	8	7.6	-5.1	-1.0	-5.3	9	407.7	86356
2021	270	9	8.5	-4.9	-1.9	-5.9	9	409.2	82927
2021	270	10	9.2	-3.3	-6.2	-5.8	11	414.1	88666
2021	270	11	10.5	-2.4	3.5	-4.8	12	398.8	60598
2021	270	12	11.7	-0.5	11.1	-3.1	12	379.0	44406
2021	270	13	11.5	-0.1	10.5	-4.7	12	369.7	45508
2021	270	14	10.1	-1.2	8.3	-4.6	17	369.3	43865
2021	270	15	7.6	-1.3	6.5	-3.2	29	373.1	35965
2021	270	16	8.5	5.4	0.9	5.2	18	369.4	33425
2021	270	17	9.1	7.4	-0.3	5.3	19	366.1	26121
2021	270	18	9.8	8.0	-2.5	4.9	22	362.1	25359
2021	270	19	10.1	8.3	-1.2	5.5	20	361.2	26622
2021	270	20	10.6	8.7	-1.0	5.9	14	358.3	25123
2021	270	21	10.8	9.3	-0.0	5.6	14	356.4	27110
2021	270	22	10.5	9.2	-0.2	5.1	17	354.5	20400
2021	270	23	10.8	8.5	-0.3	6.6	16	350.3	26705
2021	271	0	10.0	7.9	-0.9	5.9	19	346.1	23401
2021	271	1	9.6	7.2	0.9	6.2	10	350.2	27013
2021	271	2	9.0	6.5	-1.7	5.8	15	349.6	26851
2021	271	3	7.9	5.4	-2.6	5.0	19	356.2	32464
2021	271	4	5.4	3.4	-1.5	3.1	26	359.1	41892
2021	271	5	3.7	2.6	-1.1	1.6	31	360.5	40249
2021	271	6	3.7	2.1	-1.7	-1.3	28	362.4	45839
2021	271	7	5.7	3.7	-4.0	-1.2	18	357.5	46634
2021	271	8	4.9	3.0	-3.1	0.7	16	356.7	51928
2021	271	9	5.7	3.4	-3.6	2.6	15	357.1	44470
2021	271	10	4.4	1.3	-1.6	3.5	18	358.1	55056
2021	271	11	5.4	2.6	-2.3	3.7	14	363.1	54803
2021	271	12	4.9	2.0	-1.2	4.2	20	364.8	50640
2021	271	13	2.4	-0.3	-1.4	1.8	30	360.5	42048
2021	271	14	3.5	0.5	-1.7	2.9	29	360.3	42963
2021	271	15	5.1	1.4	-2.6	3.9	29	360.5	37674
2021	271	16	3.9	1.5	-1.5	2.8	45	361.1	33309
2021	271	17	4.0	0.5	-3.1	2.1	40	355.1	36636
2021	271	18	8.4	5.4	-3.6	5.1	7	344.9	53230
2021	271	19	7.2	2.7	-1.3	2.7	7	360.0	65045
2021	271	20	3.8	-1.1	-3.0	-1.2	7	372.2	78537
2021	271	21	3.8	-1.2	-2.8	-1.8	7	376.4	81607
2021	271	22	5.3	0.4	2.7	-1.2	7	376.6	76054
2021	271	23	5.8	1.9	5.2	1.1	8	372.7	70595
2021	272	0	6.0	3.9	3.1	2.7	8	359.6	75081
2021	272	1	6.3	4.3	2.6	3.5	8	371.9	62254
2021	272	2	6.0	4.4	1.7	3.4	6	382.3	67136
2021	272	3	5.9	5.2	-0.8	2.6	5	391.6	70531
2021	272	4	5.9	5.4	0.1	2.2	6	393.1	66134
2021	272	5	5.9	5.3	-0.1	2.0	5	394.8	77451
2021	272	6	5.3	2.9	-1.9	0.9	6	404.1	79531
2021	272	7	5.9	0.1	-4.2	-2.3	7	406.3	75736
2021	272	8	6.2	-1.0	-3.3	-5.0	6	410.2	66593
2021	272	9	5.6	1.6	-4.7	-1.1	6	393.9	66436
2021	272	10	5.0	2.4	-3.3	1.5	6	389.2	69483
2021	272	11	5.0	0.8	-3.6	0.2	6	398.5	58551
2021	272	12	5.0	-0.6	-4.0	2.5	4	406.5	45644
2021	272	13	5.1	-1.6	-4.7	0.2	5	407.8	54491
2021	272	14	4.8	0.0	-4.4	0.5	5	393.1	61826
2021	272	15	4.4	2.6	-2.9	1.2	4	375.3	67833
2021	272	16	4.3	3.8	-1.5	0.5	4	364.5	74973
2021	272	17	4.3	3.3	-2.3	0.2	5	375.0	52540
2021	272	18	4.6	3.4	-2.3	1.8	4	374.5	63437
2021	272	19	4.4	3.7	-1.2	1.7	4	373.1	69935
2021	272	20	4.2	3.6	-0.7	1.9	5	382.4	72629
2021	272	21	4.2	3.5	-1.0	1.8	5	380.9	66041
2021	272	22	4.4	3.7	-0.6	1.4	5	378.8	59027
2021	272	23	4.6	2.8	-3.1	0.7	6	380.2	61681
2021	273	0	4.8	0.7	-4.3	-0.1	6	387.6	57832
2021	273	1	4.8	2.8	-3.1	1.3	6	408.9	70880
2021	273	2	4.9	4.4	-0.2	1.9	5	398.1	86456
2021	273	3	4.5	1.4	-2.5	-0.3	5	398.6	89404
2021	273	4	4.3	-2.4	-3.1	-1.4	5	412.3	77079
2021	273	5	3.5	2.2	-1.4	0.9	4	397.5	69252
2021	273	6	3.6	3.3	-0.8	0.8	5	405.9	91517
2021	273	7	3.7	3.3	-0.6	0.8	4	405.3	81454
2021	273	8	3.2	2.9	-0.5	1.0	5	402.6	82094
2021	273	9	3.4	2.7	-1.8	0.1	4	401.4	77100
2021	273	10	2.7	2.0	-0.9	-0.9	5	394.1	72833
2021	273	11	2.7	2.3	-1.0	0.6	4	383.7	71475
2021	273	12	2.6	1.8	-0.8	1.6	4	386.8	57356
2021	273	13	3.2	1.1	-1.9	1.8	5	382.4	53924
2021	273	14	4.0	-2.3	-2.1	-1.2	5	392.9	59239
2021	273	15	4.6	-3.8	-1.2	-2.0	3	395.3	63027
2021	273	16	4.6	-4.1	-1.6	-0.8	4	391.6	74918
2021	273	17	3.7	-3.1	-1.7	0.7	4	391.2	63721
2021	273	18	3.7	-3.1	-1.7	0.4	4	390.9	42104
2021	273	19	3.4	-3.0	-1.2	0.7	4	392.6	44977
2021	273	20	3.1	-3.1	-0.3	-0.0	4	389.8	53870
2021	273	21	2.7	-2.5	-0.5	-0.1	3	380.4	54261
2021	273	22	3.1	-2.8	-0.7	0.2	4	384.9	49896
2021	273	23	2.6	-2.0	-0.7	-1.3	4	380.9	54825
2021	274	0	2.1	-0.3	0.6	-2.0	nan	nan	nan
