#Year DOY hour Btot Br Bt Bn Np Vtot Tp
2022 027 0 5.3 0.6 3.7 -0.1 -9999 -9999 -9999
2022 027 1 5.5 0.2 2.7 -0.5 -9999 -9999 -9999
2022 027 2 4.8 1.7 2.8 -2.0 -9999 -9999 -9999
2022 027 3 4.0 -1.0 2.7 0.2 -9999 327 226778
2022 027 4 2.7 -0.5 0.4 -0.3 33.8 329 85700
2022 027 5 3.9 -3.1 -0.4 -1.4 18.4 328 60772
2022 027 6 4.0 -3.1 -2.0 0.2 17.3 322 65576
2022 027 7 4.2 -3.5 -1.9 -0.6 16.9 320 63830
2022 027 8 4.5 -4.1 -1.4 0.6 16.9 318 71791
2022 027 9 4.4 -4.1 0.8 -0.1 16.4 321 71621
2022 027 10 4.2 -2.1 3.6 -0.4 15.9 326 47845
2022 027 11 4.1 -2.4 3.2 -0.5 17.1 327 41094
2022 027 12 3.2 0.3 -2.1 -0.2 18.4 326 25473
2022 027 13 2.1 0.4 -0.9 0.3 19.2 326 21254
2022 027 14 3.1 -0.5 3.0 0.1 17.9 324 22285
2022 027 15 3.3 0.4 3.0 -0.5 20.2 326 23993
2022 027 16 2.7 0.2 2.2 -0.0 21.3 322 23057
2022 027 17 3.3 -1.9 0.9 -1.7 21.8 325 29429
2022 027 18 4.6 0.9 -3.0 -0.1 22.7 330 36939
2022 027 19 5.9 0.0 -0.3 -3.9 25.4 333 42449
2022 027 20 5.1 0.3 4.1 -0.5 26.3 329 41626
2022 027 21 3.1 1.6 1.5 0.8 26.9 328 47895
2022 027 22 2.9 1.6 -0.9 -0.4 -9999 330 411682
2022 027 23 3.2 1.3 1.7 -0.4 26.9 327 38969
2022 028 0 3.7 2.1 2.5 -1.1 27.4 328 116887
2022 028 1 3.3 2.8 0.3 -0.5 26.5 320 41124
2022 028 2 4.3 -2.6 1.9 -0.9 27.5 321 43530
2022 028 3 6.2 -5.2 1.8 -2.0 27.2 309 48000
2022 028 4 7.5 -7.1 1.3 -1.5 29.8 302 70586
2022 028 5 8.1 -7.7 1.3 0.4 32.6 302 61704
2022 028 6 8.5 -7.8 -2.3 1.7 37.4 305 58612
2022 028 7 7.5 -5.6 -2.6 -0.9 42.7 310 64309
2022 028 8 4.8 0.9 2.1 2.3 45.6 321 43859
2022 028 9 7.7 -2.3 -2.7 6.2 37.8 311 36194
2022 028 10 6.7 -1.9 -1.2 5.6 37.8 311 35419
2022 028 11 7.5 -1.2 -4.1 5.7 34.0 310 33126
2022 028 12 7.6 -1.8 -3.8 5.4 33.0 305 29179
2022 028 13 10.2 -6.3 -4.6 6.0 28.9 297 23687
2022 028 14 10.0 -5.4 -8.1 2.1 32.9 295 23199
2022 028 15 9.7 -2.9 -7.6 1.3 33.8 298 31424
2022 028 16 12.6 4.4 10.7 1.6 19.6 317 35252
2022 028 17 11.5 4.6 10.4 -0.5 20.9 320 53301
2022 028 18 11.5 6.8 7.6 3.4 22.1 329 61005
2022 028 19 10.5 4.3 5.4 7.3 25.4 316 54235
2022 028 20 11.3 6.0 0.9 9.2 23.0 329 43204
2022 028 21 10.9 3.0 3.9 9.2 27.0 323 34391
2022 028 22 10.4 0.1 5.8 8.0 20.7 324 32616
2022 028 23 11.5 0.5 -1.3 10.9 22.2 324 38556
2022 029 0 24.5 -0.8 -8.8 17.5 33.5 387 69599
2022 029 1 23.1 -9.4 -2.8 20.0 39.0 375 61618
2022 029 2 23.8 -15.5 -0.2 15.4 37.0 359 78078
2022 029 3 24.4 -20.9 10.5 4.6 39.3 338 66453
2022 029 4 24.0 -18.3 13.8 -2.2 36.3 329 78777
2022 029 5 19.7 -13.7 8.4 -9.2 34.0 327 103694
2022 029 6 19.0 -7.9 6.8 -14.4 37.9 335 80356
2022 029 7 19.3 -6.7 3.3 -7.5 36.3 357 117037
2022 029 8 21.1 -3.7 12.1 -0.9 33.4 390 202773
2022 029 9 19.8 1.5 -9.9 -7.2 36.4 411 192684
2022 029 10 20.1 9.3 -6.2 -10.3 29.3 442 126373
2022 029 11 20.4 -3.8 10.5 -16.8 23.7 412 128591
2022 029 12 21.3 -5.0 11.3 -16.9 21.3 406 85934
2022 029 13 21.7 -12.2 16.3 -7.1 16.2 415 121111
2022 029 14 22.8 -14.0 17.8 1.2 16.6 435 215806
2022 029 15 22.6 -13.2 18.2 2.0 19.2 445 312922
2022 029 16 22.5 -13.4 17.9 -1.8 14.1 423 247389
2022 029 17 22.5 -12.8 18.1 -3.0 9.5 398 87087
2022 029 18 22.7 -13.1 18.4 -2.1 -9999 685 98036
2022 029 19 23.6 -14.8 18.3 -0.9 8.5 390 62988
2022 029 20 24.3 -13.6 19.2 5.7 9.3 380 50505
2022 029 21 23.9 -12.5 15.5 13.0 10.3 373 52640
2022 029 22 22.8 -7.7 13.8 16.3 9.1 365 47588
2022 029 23 21.6 -3.0 9.2 19.2 13.2 364 40184
2022 030 0 22.3 1.3 4.4 21.5 12.4 375 59254
2022 030 1 22.4 1.5 4.0 21.8 15.5 378 108718
2022 030 2 20.5 -11.5 12.0 9.4 24.0 407 205577
2022 030 3 20.1 -9.1 9.8 6.9 20.8 435 279556
2022 030 4 17.7 -8.8 9.1 -8.8 26.1 468 529483
2022 030 5 16.3 -6.9 9.7 -1.8 23.2 479 571643
2022 030 6 16.4 -8.2 11.0 1.2 19.9 494 487737
2022 030 7 15.8 -6.2 11.2 1.0 18.3 533 620236
2022 030 8 12.9 -7.8 4.9 -2.4 15.1 539 497435
2022 030 9 11.1 -7.2 1.9 -5.2 13.1 561 417270
2022 030 10 9.9 -6.8 1.5 -2.2 14.4 550 474466
2022 030 11 10.1 -5.1 1.7 -6.1 15.2 570 490747
2022 030 12 9.2 -5.4 2.3 -0.7 12.4 577 373735
2022 030 13 9.4 -7.9 -0.1 1.0 11.5 566 317623
2022 030 14 9.5 -6.1 5.5 2.8 31.0 585 367363
2022 030 15 9.7 -8.1 3.2 -1.7 11.3 563 360136
2022 030 16 9.5 -7.4 0.3 0.1 15.6 559 454267
2022 030 17 10.3 -8.1 1.9 1.6 11.9 553 291875
2022 030 18 11.3 -7.8 6.1 -1.0 12.6 547 326680
2022 030 19 11.3 -7.3 4.4 2.1 -9999 566 357057
2022 030 20 12.4 -7.1 8.8 -2.3 14.0 549 387748
2022 030 21 11.1 -2.4 8.0 -3.4 14.2 572 547350
2022 030 22 10.6 -4.4 5.8 -2.8 15.6 559 624339
2022 030 23 10.4 -6.6 1.2 1.8 13.7 547 406331
2022 031 0 11.2 -5.2 4.2 4.7 18.2 542 801630
2022 031 1 11.3 -1.5 8.5 -5.0 24.3 549 -9999
2022 031 2 10.9 -4.6 6.2 -5.3 45.2 545 -9999
2022 031 3 10.3 -1.9 7.8 0.7 23.2 557 -9999
2022 031 4 9.6 -3.4 7.1 0.9 46.6 555 -9999
2022 031 5 8.8 -1.2 5.8 2.8 -9999 563 -9999
2022 031 6 8.4 -4.0 4.3 1.5 -9999 598 -9999
2022 031 7 9.1 -5.3 4.0 0.4 -9999 558 -9999
2022 031 8 10.9 -7.7 6.4 2.3 -9999 526 -9999
2022 031 9 10.8 -5.3 -4.9 2.6 39.2 544 -9999
2022 031 10 11.6 -8.7 -3.2 2.8 47.9 531 -9999
2022 031 11 12.0 -7.2 2.2 4.9 18.0 535 706060
2022 031 12 12.1 -9.7 -3.8 -1.1 17.8 528 546838
2022 031 13 12.3 -10.5 -0.6 1.3 -9999 596 178988
2022 031 14 11.4 -6.5 3.6 5.2 -9999 700 -9999
2022 031 15 11.4 -8.4 5.0 3.1 -9999 -9999 -9999
2022 031 16 11.2 -7.7 4.7 -5.0 -9999 -9999 -9999
2022 031 17 11.7 -5.4 8.7 1.8 -9999 -9999 -9999
2022 031 18 11.8 -8.3 6.5 2.5 -9999 659 -9999
2022 031 19 11.7 -7.8 6.4 3.0 -9999 -9999 -9999
2022 031 20 11.8 -7.6 7.4 0.9 -9999 -9999 -9999
2022 031 21 11.5 -7.8 5.1 0.6 -9999 -9999 -9999
2022 031 22 11.2 -9.8 4.1 -0.6 -9999 677 -9999
2022 031 23 10.7 -7.5 6.3 0.2 -9999 663 -9999